naive_bayes
Acurácia: 0.6923076923076923
Precisão: [0.5, 1.0, 1.0, 0.74, 0.5, 1.0]
Recall: [0.4, 0.0, 0.5, 0.93, 1.0, 0.0]
Média F1: [0.44, 0.0, 0.67, 0.82, 0.67, 0.0]

svm
Acurácia: 0.6153846153846154
Precisão: [0.0, 1.0, 1.0, 0.62, 1.0, 1.0]
Recall: [0.0, 0.0, 0.5, 1.0, 0.0, 0.0]
Média F1: [0.0, 0.0, 0.67, 0.77, 0.0, 0.0]

kmeans
Acurácia: 0.5384615384615384
Precisão: [0.33, 0.0, 0.5, 0.77, 1.0, 1.0]
Recall: [0.6, 0.0, 0.5, 0.67, 0.0, 0.0]
Média F1: [0.43, 0.0, 0.5, 0.71, 0.0, 0.0]

knn
Acurácia: 0.6153846153846154
Precisão: [0.33, 1.0, 0.33, 0.7, 1.0, 1.0]
Recall: [0.2, 0.0, 0.5, 0.93, 0.0, 0.0]
Média F1: [0.25, 0.0, 0.4, 0.8, 0.0, 0.0]

